global TLGV;
load_CCT_LUTs;
TLGV.setting.com='com3';         %please set the RIGHT com port number connected to LED device, you can find it in your PC->device manager
TLGV.setting.modeN=1;            %0~79, correspond to the 80 modes saved in your LED device hardware. Please set it to 1.
%id;                 %The id of LED device
TLGV.setting.timeout=1;          %Set the maxium waiting time to receive LED device's response
                    %Set timeout=0 if you want to ignore the feedback from LED device to get fast respond.
%If the connection is robust, you can set it 0 to save
%time. However, if the connection is weak, we suggest you set timeout
%to 2 seconds or more to check if each LED device work well.
TLGV.droot = 'D:\颜色实验用程序\Tunable light source';
TLGV.obs = 10;
TLGV.bit = 10;
% TLGV.receipe_list=[15	422	150	15	21	15	15	15	15	467	15	15	873	977
%               15	438	156	15	85	15	15	15	15	189	15	15	310	764
%               15	126	199	15	81	15	15	15	15	165	15	15	303	687
%               15	15	251	15	58	15	15	15	17	102	15	15	304	674
%               15	394	176	15	103	15	15	40	25	211	15	15	272	854
%               15	621	44	15	126	15	15	15	15	209	290	15	124	826
%               15	15	199	15	42	16	15	15	15	55	15	15	193	379
%               15	15	208	24	42	15	15	15	15	59	15	15	190	378
%               17	798	120	40	79	18	18	23	15	162	18	15	139	707
%               15	354	159	40	139	15	15	40	26	130	15	15	53	805
%               15	410	15	15	153	15	15	15	15	143	420	15	15	784
%               15	631	25	33	153	24	15	15	15	146	351	15	15	804
%               15	15	177	34	34	41	15	15	15	31	15	15	134	259
%               15	15	185	47	31	23	15	15	15	35	15	15	135	258
%               15	15	190	54	29	15	15	21	24	41	15	16	136	257
%               15	15	201	61	28	15	15	41	31	47	15	17	134	255
%               15	149	15	15	110	36	15	15	15	102	453	15	15	785
%               15	15	97	16	46	59	15	15	15	34	204	16	114	214
%               15	172	76	15	88	55	15	15	15	72	234	15	72	58
%               21	15	155	50	24	47	24	15	15	19	15	24	109	201
%               15	15	166	60	24	38	15	15	20	21	15	25	106	199
%               15	15	176	70	22	24	15	28	27	24	15	25	104	198
%               15	15	182	82	26	18	15	43	34	35	15	23	95	196
%               15	15	15	15	96	15	15	15	15	15	517	15	15	692
%               15	32	66	15	61	89	15	15	15	61	267	15	66	57
%               15	49	115	33	66	58	65	15	15	36	80	15	61	57
%               43	15	133	71	21	56	28	15	15	22	15	23	110	158
%               35	15	144	81	18	48	15	19	19	24	15	24	108	156
%               15	15	163	89	16	35	15	38	27	23	15	24	104	154
%               15	15	174	98	15	19	15	56	35	28	15	25	103	152
%               15	44	76	35	52	88	111	15	15	20	142	37	52	55
%               66	48	67	52	46	69	87	15	15	35	98	27	53	56
%               79	50	71	61	49	57	70	24	15	40	81	37	56	56
%               51	41	101	103	31	55	32	21	23	15	73	37	60	56
%               49	45	118	111	24	49	20	32	26	15	37	49	61	57
%               38	15	141	113	15	44	15	50	33	15	15	40	70	115
%               15	15	163	118	15	32	15	70	41	15	15	39	66	111
%               94	44	36	90	36	88	110	16	15	20	101	58	46	55
%               112	15	25	122	22	115	15	15	17	28	178	61	72	102
%               112	15	48	125	15	99	16	22	22	21	106	62	68	98
%               146	32	62	136	15	74	20	22	25	19	15	63	62	95
%               101	15	94	135	15	71	15	43	32	15	15	63	54	90
%               65	15	120	139	15	54	15	62	41	15	15	63	48	85
%               30	23	146	143	15	40	15	83	49	15	15	63	42	84
%               98	38	27	135	31	98	108	23	21	15	103	84	44	55
%               90	41	40	140	26	87	89	33	25	15	96	85	46	55
%               149	15	33	149	17	114	15	29	28	18	74	81	57	85
%               148	15	57	153	15	97	15	36	32	15	15	82	50	81
%               111	15	83	154	15	79	15	54	40	15	15	82	46	77
%               78	15	109	156	15	62	15	73	48	15	15	82	38	74
%               45	48	133	159	15	46	15	93	55	15	15	83	34	71
%               95	33	21	159	25	108	115	38	32	15	104	96	41	54
%               94	42	31	153	26	94	99	53	30	15	97	110	44	55
%               90	43	44	163	15	84	76	58	40	21	83	99	47	55
%               160	15	46	171	15	106	15	48	39	15	15	101	45	73
%               124	15	72	172	15	86	15	66	47	15	15	101	39	69
%               84	20	100	173	15	66	15	85	55	15	15	100	32	65
%               46	68	126	174	15	51	15	104	63	15	15	101	25	62];
TLGV.receipe_list=[23	799	23	15	91	15	15	25	20	66	32	25	126	279];
