A=[2	0.2674	0.5391	6	0.1924	0.4461	
6	0.1944	0.4481	6	0.1934	0.4511	
4	0.2084	0.4931	5	0.2064	0.4761	
4	0.2114	0.4931	2	0.2474	0.5281	
4	0.2084	0.4851	6	0.1914	0.4501	
2	0.2554	0.5321	2	0.2574	0.5331	
4	0.2084	0.4861	1	0.2734	0.5311	
6	0.1944	0.4591	3	0.2234	0.5001	
5	0.2094	0.4751	2	0.2524	0.5191	
1	0.2644	0.5281	5	0.2044	0.4881	
3	0.2174	0.5011	4	0.2044	0.4811	
3	0.2204	0.5011	3	0.2204	0.5011	
5	0.2124	0.4901	4	0.2164	0.4951	
2	0.2034	0.5151	1	0.2544	0.5381	
6	0.2034	0.4541	5	0.2024	0.4781	
1	0.2604	0.5401	4	0.2004	0.4791	
2	0.2504	0.5291	5	0.2004	0.4791	
6	0.1904	0.4561	1	0.2854	0.5441	
3	0.2284	0.5161	1	0.3014	0.5451	
5	0.2124	0.4901	1	0.3004	0.5421	
6	0.2004	0.4661	2	0.2604	0.5341	
1	0.2994	0.5381	2	0.2224	0.5211	
3	0.2214	0.5031	5	0.2074	0.4801	
4	0.2034	0.4851	3	0.2264	0.5031	
1	0.3044	0.5381	3	0.2214	0.5081	
3	0.2204	0.4961	6	0.2004	0.4541	
1	0.2984	0.5461	6	0.1884	0.4461	
6	0.2004	0.4581	4	0.2094	0.4791	
2	0.2534	0.5201	4	0.2094	0.4781	
3	0.2204	0.5061	2	0.2584	0.5241	
5	0.2084	0.4861	3	0.2204	0.5021	
4	0.2064	0.4831	4	0.2044	0.4781	
5	0.2134	0.4881	6	0.2024	0.4621	
2	0.2464	0.5241	3	0.2124	0.4961	
1	0.3014	0.5441	1	0.2984	0.5441	];
